Content of first array(ara1): 
1 2 3 4 5 
10 20 30 40 50 
100 200 300 400 500 
1000 2000 3000 4000 5000 
10000 20000 30000 40000 50000 

Content of second array (ara2): 
1 10 100 1000 10000 
2 20 200 2000 20000 
3 30 300 3000 30000 
4 40 400 4000 40000 
5 50 500 5000 50000 
